16
100
15 -0.361669 -0.250391 0
14 -0.18206 -0.78873 0
13 0.100791 -0.785662 0
12 0.883672 -0.76785 0
11 1.93273 -0.767886 0
10 2.4866 -0.791013 0
9 4.02807 -1.01932 0
8 4.76585 -0.983755 0
7 5.16775 -0.509426 0
6 4.82461 -0.22731 0
1 0.984897 0.00340943 0
0 0.115 -1.53928e-20 0
2 1.32139 0.0372974 0
3 1.69239 -0.192005 0
4 2.48998 -0.207724 0
5 4.24886 -0.225718 0
0 2 1 15
1 2 0 2
2 2 1 3
3 2 2 4
4 2 3 5
5 2 4 6
6 2 5 7
7 2 6 8
8 2 7 9
9 2 8 10
10 2 9 11
11 2 10 12
12 2 11 13
13 2 12 14
14 2 13 15
15 2 14 0
